50
2 32
2 8
2 20
2 22
2 19
2 49
3 16
3 33
3 42
3 47
3 40
3 2
3 32
3 8
3 31
3 22
3 1
3 10
3 26
3 14
3 21
3 20
3 19
3 6
4 17
4 30
4 48
4 15
4 25
4 3
4 16
4 33
4 42
4 47
4 11
4 2
4 32
4 8
4 31
4 22
4 1
4 10
4 26
4 14
4 21
4 20
4 19
4 9
4 49
4 39
4 13
4 27
5 46
5 4
5 17
5 30
5 48
5 15
5 25
5 3
5 16
5 33
5 42
5 47
5 11
5 2
5 32
5 8
5 31
5 22
5 1
5 10
5 26
5 14
5 21
5 20
5 27
5 9
5 49
5 39
5 13
5 45
5 44
6 31
8 31
8 13
8 22
8 44
8 12
9 2
9 41
10 21
10 14
11 2
11 8
11 32
11 31
11 22
11 21
11 10
11 1
11 40
12 22
12 48
13 39
13 45
14 7
15 25
15 3
15 16
15 33
15 42
15 47
15 11
15 2
15 32
15 8
15 31
15 22
15 1
15 10
15 26
15 14
15 21
15 20
15 19
15 9
15 49
15 45
16 33
16 42
16 47
16 11
16 2
16 8
16 32
16 31
16 22
16 1
16 10
16 26
16 21
16 19
16 20
16 0
16 41
17 30
17 48
17 15
17 25
17 3
17 16
17 33
17 42
17 47
17 11
17 2
17 8
17 32
17 31
17 22
17 1
17 10
17 13
17 14
17 19
17 20
17 21
17 9
17 49
17 39
17 45
17 26
18 6
18 26
19 20
19 1
19 11
20 49
21 1
23 43
23 28
23 5
23 46
23 4
23 17
23 30
23 48
23 15
23 25
23 3
23 16
23 33
23 42
23 47
23 11
23 2
23 8
23 32
23 31
23 22
23 1
23 10
23 26
23 14
23 19
23 20
23 21
23 9
23 49
23 39
23 13
23 45
23 44
23 40
23 38
23 0
24 36
24 23
24 43
24 28
24 5
24 46
24 4
24 17
24 30
24 48
24 15
24 25
24 3
24 7
24 33
24 42
24 47
24 11
24 2
24 8
24 32
24 31
24 22
24 1
24 10
24 26
24 14
24 19
24 20
24 21
24 9
24 49
24 39
24 13
24 45
24 27
24 40
24 38
24 44
24 12
24 29
24 41
24 34
25 3
25 16
25 33
25 42
25 47
25 11
25 2
25 8
25 32
25 31
25 22
25 1
25 10
25 18
25 14
25 19
25 20
25 21
25 27
25 49
25 37
26 38
26 11
27 40
27 49
28 5
28 46
28 4
28 17
28 30
28 48
28 15
28 25
28 3
28 16
28 33
28 42
28 47
28 11
28 2
28 8
28 32
28 31
28 22
28 1
28 10
28 26
28 14
28 19
28 20
28 21
28 9
28 49
28 39
28 13
28 45
28 27
28 40
29 26
29 9
30 48
30 15
30 25
30 3
30 16
30 33
30 42
30 47
30 11
30 2
30 32
30 8
30 31
30 22
30 1
30 10
30 26
30 14
30 21
30 20
30 19
30 9
30 49
30 39
30 44
31 27
32 8
32 31
32 22
32 27
32 45
32 39
33 42
33 47
33 11
33 2
33 32
33 8
33 31
33 22
33 1
33 10
33 14
33 38
33 9
33 0
34 31
34 42
35 24
35 36
35 23
35 43
35 28
35 5
35 6
35 4
35 17
35 30
35 48
35 15
35 25
35 3
35 16
35 33
35 42
35 47
35 11
35 2
35 32
35 8
35 31
35 22
35 1
35 10
35 26
35 14
35 21
35 20
35 19
35 9
35 49
35 39
35 13
35 45
35 27
35 40
35 38
35 44
35 12
35 29
35 34
35 18
35 0
35 37
36 23
36 43
36 28
36 5
36 46
36 4
36 17
36 30
36 48
36 15
36 25
36 3
36 16
36 33
36 42
36 47
36 11
36 2
36 32
36 8
36 31
36 22
36 1
36 10
36 26
36 14
36 21
36 20
36 19
36 9
36 49
36 39
36 13
36 45
36 27
36 40
36 38
36 44
36 12
36 29
36 34
38 46
39 22
40 45
41 31
41 49
42 47
42 11
42 2
42 8
42 32
42 31
42 22
42 1
42 10
42 29
42 7
42 38
42 9
43 28
43 5
43 46
43 4
43 17
43 30
43 48
43 15
43 25
43 3
43 16
43 33
43 42
43 47
43 11
43 2
43 32
43 8
43 31
43 22
43 1
43 10
43 26
43 14
43 21
43 20
43 19
43 9
43 49
43 39
43 13
43 45
43 12
43 40
44 43
46 4
46 17
46 30
46 48
46 15
46 25
46 3
46 16
46 33
46 42
46 47
46 11
46 2
46 8
46 32
46 31
46 22
46 1
46 10
46 26
46 14
46 19
46 20
46 21
46 9
46 49
46 39
46 13
46 45
46 40
47 11
47 2
47 32
47 8
47 31
47 22
47 1
47 10
47 26
47 29
47 14
48 15
48 25
48 3
48 16
48 33
48 39
48 47
48 27
48 2
48 8
48 32
48 31
48 22
48 1
48 10
48 26
48 14
48 19
48 20
48 21
48 9
48 49
48 13
