20
0 1
0 9
0 19
0 11
1 3
1 2
1 6
1 18
1 17
1 16
1 19
1 11
1 10
1 15
1 9
1 0
1 8
1 5
1 4
1 13
1 12
2 1
2 3
2 18
2 6
2 17
2 16
2 19
2 11
2 10
2 15
2 9
2 0
2 8
3 1
3 2
3 17
3 6
3 18
3 16
3 11
3 19
4 1
4 10
5 1
5 3
5 2
5 18
5 6
5 17
5 16
5 19
5 11
5 10
5 15
5 9
5 0
5 8
6 1
6 3
6 2
6 18
6 17
6 16
6 19
6 11
6 10
6 15
6 9
6 0
6 8
6 5
6 4
6 7
7 1
7 3
7 2
7 17
7 6
7 18
7 16
7 19
7 11
7 10
8 1
8 3
8 2
8 6
8 18
8 17
8 16
8 19
8 11
8 10
8 15
8 9
8 0
8 4
8 5
9 1
9 3
9 2
9 17
9 18
9 6
9 15
9 16
10 1
10 3
10 2
10 6
10 18
10 17
10 16
10 19
10 11
10 15
10 9
10 0
10 8
10 5
10 12
11 1
11 3
11 2
11 17
11 18
11 6
11 16
11 19
11 10
12 1
12 6
12 3
12 18
12 17
13 1
13 3
13 2
13 18
13 6
13 17
13 16
13 19
13 11
13 10
13 15
13 9
13 0
14 1
14 3
14 2
14 0
14 4
15 1
15 3
15 2
15 12
15 19
16 1
17 1
17 3
17 2
17 18
17 6
17 16
17 15
17 11
17 10
17 8
18 1
18 3
18 2
18 6
18 17
18 16
18 19
18 11
18 10
18 15
18 9
18 0
18 8
18 13
19 1
19 3
19 2
19 18
19 6
19 17
19 16
19 11
19 10
19 15
19 8
19 13
