30
0 5
0 17
0 24
0 20
0 25
0 2
0 29
0 7
0 13
0 18
0 27
0 28
0 6
0 10
0 21
0 3
0 14
0 12
0 23
0 19
0 11
0 22
0 15
0 8
0 16
0 26
1 0
1 5
1 24
1 17
1 20
1 25
1 2
1 29
1 7
1 13
1 18
1 27
1 28
1 3
1 6
1 12
2 0
2 5
2 20
2 17
2 24
2 25
2 29
2 7
2 13
2 18
2 27
2 21
3 0
3 5
3 24
3 17
3 20
3 25
3 2
3 29
3 7
3 13
3 18
3 27
3 28
3 10
3 6
3 21
3 1
3 11
4 0
4 5
4 24
4 17
4 20
4 25
4 2
4 29
4 7
4 13
4 18
4 27
4 28
4 10
5 16
5 0
5 15
6 0
6 9
6 17
6 24
6 20
6 25
6 2
6 29
6 7
6 13
6 18
6 27
6 28
6 10
6 21
6 3
6 1
6 12
6 23
6 19
6 11
6 15
6 14
6 26
6 16
7 0
7 5
7 24
7 17
7 20
7 25
7 2
7 29
7 13
7 18
7 27
7 28
7 10
7 12
7 21
7 3
7 1
7 22
8 0
8 5
8 20
8 24
8 17
8 27
8 25
8 28
8 7
9 0
9 5
9 24
9 17
9 20
9 25
9 2
9 29
9 12
9 13
9 18
9 27
9 28
9 10
9 6
9 21
9 3
9 1
9 19
10 0
10 5
10 17
10 24
10 20
10 25
10 2
10 29
10 7
10 13
10 18
10 27
10 28
10 6
10 21
10 3
10 1
10 12
10 23
10 19
10 11
10 4
10 15
11 0
11 5
11 17
11 24
11 20
11 25
11 2
11 29
11 7
11 13
11 18
11 27
11 28
11 6
11 10
11 21
11 3
11 1
11 12
11 23
11 19
11 22
11 15
11 8
11 16
11 26
11 9
12 0
12 5
12 20
12 24
12 17
12 25
12 2
12 29
12 7
12 13
12 18
12 21
13 0
13 5
13 20
13 17
13 24
13 25
13 7
13 2
13 29
13 18
14 0
14 5
14 24
14 17
14 20
14 25
14 2
14 29
14 7
14 13
14 18
14 27
14 28
14 10
14 6
14 21
15 0
15 5
15 20
15 24
15 17
15 25
15 29
15 2
15 9
15 7
16 0
16 5
16 24
16 17
16 20
16 25
16 2
16 29
16 7
16 13
16 18
16 27
16 28
16 10
16 6
16 21
16 3
16 1
16 12
17 0
17 5
17 24
17 20
17 25
17 2
17 29
17 7
17 13
17 18
17 27
17 28
17 6
17 10
17 21
17 3
17 1
17 12
17 23
17 19
17 11
17 22
17 15
17 8
17 16
17 14
17 4
18 0
18 5
18 17
18 24
18 20
18 25
18 2
18 29
18 7
18 13
18 27
18 28
18 6
18 10
18 21
18 3
18 1
18 12
18 23
18 19
18 11
18 22
18 4
18 15
18 8
18 26
19 0
19 5
19 21
20 0
20 5
20 24
20 17
20 25
20 2
20 29
20 7
20 13
20 18
20 27
20 11
21 0
21 5
21 10
21 17
21 24
21 20
22 0
22 5
22 24
22 17
22 20
22 25
22 2
22 29
22 7
22 13
22 18
22 27
22 28
22 10
22 6
22 23
22 3
22 8
23 0
23 5
23 17
23 24
23 20
23 25
23 2
23 29
23 7
23 13
23 18
23 27
23 28
23 10
23 6
23 21
23 3
23 1
23 12
23 8
23 26
24 0
24 5
24 17
24 20
24 25
24 2
24 29
24 7
24 13
24 18
24 27
24 28
24 10
24 6
24 21
24 3
24 1
24 12
24 23
24 19
25 0
25 5
25 24
25 17
25 20
25 2
25 29
25 7
25 13
25 18
25 27
25 28
25 10
25 6
25 12
25 3
25 1
25 23
26 0
26 6
26 3
26 1
26 5
27 0
27 5
27 17
27 24
27 20
27 25
27 2
27 29
27 7
27 13
27 18
27 28
27 6
27 10
27 21
27 3
27 1
27 12
27 23
27 19
27 11
27 9
27 4
27 22
27 14
27 8
28 0
28 5
28 17
28 24
28 20
28 25
28 2
28 29
28 14
28 13
28 18
28 27
28 6
28 10
28 21
28 3
28 1
28 12
28 23
28 19
28 11
28 16
28 22
28 4
29 0
29 1
29 20
29 17
29 24
29 25
29 2
29 7
29 13
29 6
