VERTEX_EDGES_FILE
UNDIRECTED
UNWEIGHTED
30
2 17
2 26
2 8
2 22
2 9
2 15
2 13
2 11
2 6
2 12
2 19
2 24
2 14
2 0
2 23
2 3
2 29
2 7
2 4
2 27
2 21
2 28
2 25
2 5
2 18
2 16
2 1
3 0
6 12
6 19
6 24
6 14
6 0
6 23
6 3
6 7
6 29
6 4
6 1
7 4
8 22
8 9
8 11
8 13
8 15
8 6
8 12
8 19
8 24
8 14
8 0
8 23
8 3
8 7
8 29
8 4
8 27
8 21
8 25
8 28
9 11
9 13
9 15
9 6
9 12
9 19
9 24
9 14
9 0
9 23
9 3
9 7
9 29
9 4
9 27
9 21
11 15
11 13
11 6
11 12
11 19
11 24
11 14
11 0
11 23
11 3
11 29
11 7
11 4
11 27
11 18
12 19
12 24
12 14
12 0
12 23
12 3
12 29
12 7
13 6
13 12
13 19
13 24
13 14
13 0
13 23
13 3
13 29
13 7
13 4
13 16
13 27
14 0
14 29
14 23
15 13
15 6
15 12
15 19
15 24
15 14
15 0
15 23
15 3
15 7
15 29
15 4
15 27
15 5
17 26
17 8
17 22
17 9
17 11
17 13
17 15
17 6
17 12
17 19
17 24
17 14
17 0
17 23
17 3
17 7
17 29
17 4
17 27
17 21
17 25
17 28
17 5
17 18
17 16
19 24
19 14
19 0
19 23
19 4
19 7
19 29
22 9
22 15
22 13
22 11
22 6
22 12
22 19
22 24
22 14
22 0
22 23
22 3
22 29
22 7
22 4
22 27
22 10
22 28
22 25
24 14
24 0
24 3
24 23
24 20
26 8
26 22
26 9
26 15
26 13
26 11
26 6
26 12
26 19
26 24
26 14
26 0
26 23
26 3
26 29
26 7
26 4
26 27
26 21
26 28
26 25
26 5
26 18
