VERTEX_EDGES_FILE
UNDIRECTED
UNWEIGHTED
20
0 3
0 8
0 2
0 9
0 10
0 7
0 16
0 11
0 12
0 1
1 7
2 9
2 10
2 12
2 11
2 16
3 8
3 2
3 9
3 10
3 7
3 11
3 16
3 12
3 4
6 0
6 3
6 8
6 2
6 9
6 10
6 7
6 11
6 16
6 19
6 1
6 18
8 2
8 9
8 10
8 7
8 16
8 1
8 12
9 7
9 10
9 16
9 12
10 1
10 7
11 4
11 16
12 11
14 15
14 17
14 6
14 0
14 3
14 8
14 2
14 9
14 10
14 7
14 16
14 11
14 12
14 1
14 4
14 19
14 18
14 5
15 17
15 6
15 0
15 3
15 8
15 2
15 9
15 10
15 7
15 11
15 16
15 12
15 1
15 4
15 19
17 6
17 0
17 3
17 8
17 2
17 9
17 10
17 7
17 16
17 11
17 12
17 1
17 4
17 18
19 18
19 4
