VERTEX_EDGES_FILE
DIRECTED
UNWEIGHTED
40
0 14
0 1
0 38
1 20
1 19
1 7
1 26
1 21
1 32
2 1
2 20
2 32
2 21
2 26
2 7
2 19
2 6
2 27
2 17
2 10
2 39
2 15
2 35
2 23
3 1
3 20
3 26
3 7
3 21
3 32
3 19
3 6
3 27
3 17
3 39
3 37
3 18
3 23
3 15
3 38
3 10
3 29
3 14
3 4
3 35
3 9
3 8
3 24
3 5
3 16
3 25
3 33
3 28
3 36
3 0
4 1
4 20
4 26
4 7
4 21
4 32
4 19
4 6
4 27
4 17
4 39
4 37
4 18
4 23
4 15
4 38
4 10
4 29
4 14
4 35
4 9
4 8
4 3
4 24
4 5
4 16
4 25
4 30
4 28
4 2
5 38
5 18
6 1
6 20
6 26
6 7
6 21
6 32
6 19
6 27
6 17
6 39
6 37
6 18
6 23
6 15
6 38
6 10
6 29
6 14
6 4
6 35
6 9
6 8
6 3
6 24
6 5
6 16
6 34
7 1
7 20
7 26
7 21
7 32
7 19
7 6
7 27
7 17
7 39
7 37
7 23
7 2
7 15
7 38
7 10
7 29
7 14
7 4
7 35
7 9
7 8
7 3
7 13
8 1
8 20
8 32
8 7
8 26
8 21
8 19
8 6
8 27
8 17
8 39
8 37
8 10
8 36
8 33
8 24
8 9
8 4
9 1
9 20
9 32
9 21
9 26
9 7
9 19
9 6
9 27
9 17
9 39
9 35
9 10
9 2
9 25
9 37
10 1
10 20
10 19
10 7
10 26
10 21
10 32
10 6
10 16
10 27
11 1
11 20
11 26
11 7
11 21
11 32
11 19
11 6
11 27
11 17
11 39
11 37
11 18
11 23
11 15
11 38
11 10
11 29
11 14
11 4
11 35
11 9
11 22
11 3
11 24
11 5
11 16
11 25
11 33
11 13
12 1
12 20
12 21
12 7
12 26
12 32
12 19
12 6
12 27
12 17
12 39
12 37
12 38
12 18
12 23
12 15
12 10
12 29
12 3
12 14
13 1
13 20
13 32
13 7
13 26
13 21
13 19
13 6
13 27
13 17
13 39
13 37
13 38
13 18
13 23
13 15
13 10
13 29
13 34
14 1
14 20
14 26
14 7
14 21
14 32
14 19
14 6
14 27
14 17
14 39
14 37
14 13
14 23
14 15
14 38
14 10
14 29
14 4
14 35
14 9
14 8
14 3
14 24
14 5
14 16
14 25
14 33
14 28
14 11
14 34
14 30
14 36
14 0
14 22
15 1
15 20
15 7
15 26
15 21
15 32
15 19
15 6
15 27
15 17
15 39
15 37
15 23
15 18
15 38
15 10
15 29
15 14
15 36
15 35
15 9
15 8
15 25
15 5
16 1
16 20
16 7
16 26
16 21
16 32
16 19
16 6
16 27
16 17
16 39
16 9
16 30
16 23
16 18
16 38
16 10
16 29
16 14
16 4
16 35
16 12
17 1
17 20
17 32
17 7
17 26
17 21
17 19
17 6
17 27
17 39
17 18
17 33
17 4
17 0
17 5
18 1
18 20
18 26
18 7
18 21
18 32
18 19
18 6
18 27
18 17
18 39
18 37
18 23
18 15
18 38
18 10
18 29
18 14
18 4
18 35
18 9
18 8
18 3
18 24
18 5
18 16
18 25
18 33
18 28
18 11
18 34
18 30
18 36
18 0
18 13
18 22
18 2
19 1
19 20
19 32
19 21
19 26
19 7
19 6
19 27
19 29
19 37
19 15
19 23
19 18
19 14
20 1
20 7
20 26
20 21
20 32
20 19
20 6
20 27
20 17
20 39
20 37
20 15
20 18
20 23
20 38
20 8
20 29
20 33
20 4
20 35
20 9
20 10
21 1
21 20
21 7
21 26
21 32
21 19
21 6
21 27
21 17
21 39
21 37
21 15
21 18
21 23
21 38
21 10
21 29
21 14
21 4
21 35
21 24
22 1
22 20
22 32
22 21
22 26
22 7
22 19
22 6
22 27
22 17
22 39
22 37
22 38
22 11
22 23
22 18
22 10
22 29
22 35
23 1
23 20
23 26
23 7
23 21
23 32
23 19
23 6
23 27
23 17
23 39
23 37
23 18
23 15
23 13
23 10
23 29
23 14
23 4
23 35
23 34
23 8
23 3
23 24
23 5
23 11
24 1
24 7
24 20
24 19
25 1
25 20
25 32
25 7
25 26
25 21
25 19
25 6
25 27
25 15
25 17
25 24
25 13
25 38
25 37
26 1
26 20
26 7
26 21
26 32
26 19
26 6
26 27
26 17
26 39
26 37
26 23
26 18
26 15
26 38
26 28
26 29
26 14
26 4
26 35
26 9
26 8
26 3
26 31
26 30
27 1
27 20
27 21
27 26
27 7
27 32
27 19
27 6
27 17
27 39
27 37
27 15
27 23
27 18
27 38
27 10
27 0
27 14
27 4
27 35
27 16
28 1
28 20
28 32
28 21
28 26
28 7
28 19
28 6
28 29
28 17
28 39
28 38
28 37
28 4
28 5
28 15
28 9
29 1
29 20
29 26
29 7
29 21
29 32
29 19
29 6
29 27
29 17
29 39
29 37
29 18
29 23
29 15
29 38
29 10
29 14
29 4
29 35
29 9
29 8
29 3
29 24
29 5
29 16
29 25
29 33
29 28
29 11
29 34
29 30
30 1
30 20
30 26
30 7
30 21
30 32
30 19
30 6
30 27
30 17
30 39
30 37
30 18
30 23
30 15
30 38
30 10
30 29
30 14
30 4
30 0
30 9
30 8
30 3
30 24
30 5
30 16
30 25
30 33
30 28
30 11
30 34
30 36
30 31
31 1
31 20
31 32
31 21
31 26
31 7
31 19
31 6
31 27
31 17
31 39
31 37
31 38
31 15
31 23
31 18
31 25
31 33
32 1
32 20
32 21
32 26
32 7
32 19
32 6
32 27
32 17
32 39
32 9
32 38
32 15
32 23
32 18
32 10
32 29
32 22
32 3
33 1
33 20
33 6
33 32
33 21
33 26
34 1
34 20
34 32
34 7
34 26
34 21
34 19
34 6
34 27
34 17
34 39
34 37
34 38
34 18
34 23
34 15
34 8
34 28
34 0
35 1
35 20
35 26
35 7
35 21
35 32
35 19
35 6
35 27
35 17
35 39
35 37
35 18
35 23
35 15
35 34
35 10
35 29
35 14
35 4
35 9
35 8
35 3
35 24
35 38
35 16
35 25
35 33
35 28
35 11
35 31
35 36
36 1
36 20
36 19
36 32
36 21
36 26
36 7
36 27
37 1
37 20
37 21
37 7
37 26
37 32
37 19
37 6
37 27
37 17
37 39
37 15
37 18
37 23
37 30
37 10
37 29
37 14
37 4
37 5
37 8
38 1
38 20
38 21
38 26
38 7
38 32
38 19
38 6
38 27
38 17
38 39
38 37
38 15
38 23
38 18
38 10
38 29
38 14
38 35
38 4
39 1
39 20
39 32
39 7
39 26
39 21
39 19
39 6
39 27
39 17
39 29
39 28
39 11
39 14
39 3
39 18
