VERTEX_EDGES_FILE
UNDIRECTED
UNWEIGHTED
40
0 12
0 5
0 8
0 31
0 14
0 34
0 16
0 19
0 9
0 15
0 17
0 32
0 21
0 22
0 27
0 28
0 33
0 29
0 4
0 6
0 7
0 1
0 30
1 12
2 23
2 28
3 35
4 1
4 22
5 8
5 31
5 14
5 34
5 16
5 19
5 9
5 15
5 17
5 32
5 21
5 22
5 27
5 28
5 33
5 29
5 4
5 6
5 7
5 1
6 35
6 32
8 31
8 14
8 34
8 16
8 19
8 9
8 15
8 4
8 32
8 21
8 22
8 27
8 28
8 33
8 29
8 11
9 15
9 17
9 32
9 21
9 6
9 28
10 20
10 39
10 13
10 37
10 26
10 0
10 12
10 5
10 8
10 31
10 14
10 34
10 16
10 19
10 9
10 15
10 17
10 32
10 21
10 22
10 27
10 28
10 33
10 29
10 4
10 6
10 7
10 1
10 30
10 11
10 25
10 18
10 23
10 35
10 24
10 3
10 36
10 2
10 38
12 5
12 8
12 31
12 14
12 34
12 16
12 19
12 9
12 15
12 17
12 36
12 21
12 22
12 27
12 30
12 33
12 29
12 4
12 6
12 7
12 35
13 37
13 26
13 0
13 12
13 5
13 8
13 31
13 14
13 34
13 16
13 19
13 9
13 15
13 17
13 32
13 21
13 22
13 27
13 28
13 33
13 29
13 4
13 6
13 7
13 1
13 30
13 11
13 18
13 25
13 23
13 35
13 24
13 3
14 34
14 16
14 19
14 9
14 15
14 17
14 32
14 21
14 22
14 27
14 28
14 33
14 7
15 17
15 32
15 33
15 21
15 29
15 7
16 19
16 9
16 15
16 17
16 4
16 21
16 22
16 6
16 27
17 23
17 32
17 11
17 21
18 17
19 9
19 15
19 17
19 32
19 21
19 22
19 25
19 4
19 27
20 39
20 13
20 37
20 26
20 0
20 12
20 5
20 8
20 31
20 14
20 34
20 16
20 19
20 9
20 15
20 17
20 32
20 21
20 22
20 27
20 28
20 33
20 29
20 4
20 6
20 7
20 1
20 30
20 11
20 18
20 25
20 23
20 35
20 24
20 3
20 36
20 2
21 7
22 33
22 17
23 26
24 0
24 33
26 24
26 12
26 5
26 8
26 31
26 14
26 34
26 16
26 19
26 9
26 15
26 17
26 32
26 21
26 36
26 27
26 28
26 33
26 29
26 4
26 6
26 7
26 1
26 30
26 11
26 18
26 25
26 39
27 25
27 9
28 22
28 16
29 21
29 33
30 25
30 32
31 14
31 34
31 16
31 19
31 9
31 15
31 17
31 32
31 21
31 22
31 27
31 28
31 33
31 6
31 29
32 18
32 7
34 16
34 19
34 9
34 15
34 17
34 32
34 28
34 22
34 27
34 29
34 33
34 18
37 26
37 0
37 12
37 5
37 8
37 31
37 14
37 34
37 16
37 19
37 9
37 15
37 17
37 32
37 21
37 22
37 27
37 28
37 35
37 29
37 4
37 6
37 7
37 1
37 30
37 11
37 25
37 18
37 23
37 3
38 11
38 39
39 13
39 37
39 36
39 0
39 12
39 5
39 8
39 31
39 14
39 34
39 16
39 19
39 9
39 15
39 3
39 32
39 21
39 22
39 27
39 28
39 33
39 29
39 4
39 6
39 7
39 1
39 30
39 11
39 25
39 18
39 23
39 35
39 24
