VERTEX_EDGES_FILE
UNDIRECTED
UNWEIGHTED
83
0 1
1 0
1 2
1 4
1 5
1 7
2 1
3 4
4 1
4 3
4 7
5 1
5 6
5 74
6 5
7 1
7 4
7 9
7 62
8 9
9 7
9 8
9 10
9 11
9 60
10 9
11 9
11 12
11 14
11 60
12 11
12 13
12 14
12 20
13 12
13 14
13 17
13 18
14 11
14 12
14 13
14 15
14 58
14 59
15 14
15 16
15 55
15 58
16 15
16 17
16 55
17 13
17 16
17 18
17 35
18 13
18 17
18 19
18 23
18 54
18 78
19 18
19 20
19 78
20 12
20 19
20 21
20 22
21 20
22 20
23 18
23 32
23 54
23 78
24 31
25 31
26 30
27 29
28 29
29 27
29 28
29 30
29 34
29 41
30 26
30 29
30 32
30 34
31 24
31 25
31 32
32 23
32 30
32 31
32 33
33 32
33 34
33 35
33 38
33 54
34 29
34 30
34 33
34 44
35 17
35 33
35 36
35 37
36 35
36 53
37 35
37 38
37 53
38 33
38 37
38 39
38 40
39 38
40 38
40 41
40 44
40 53
41 29
41 40
41 42
41 44
42 41
42 43
43 42
44 34
44 40
44 41
44 45
45 44
45 46
46 45
46 47
47 46
48 50
49 50
50 48
50 49
50 51
51 50
51 52
51 56
51 63
51 65
52 51
52 53
52 54
53 36
53 37
53 40
53 52
53 54
54 18
54 23
54 33
54 52
54 53
54 56
55 15
55 16
55 56
55 57
56 51
56 54
56 55
56 57
57 55
57 56
57 58
57 64
58 14
58 15
58 57
58 59
58 63
58 64
59 14
59 58
59 60
59 63
60 9
60 11
60 59
60 61
61 60
61 62
61 63
61 73
62 7
62 61
62 63
63 51
63 58
63 59
63 61
63 62
63 72
64 57
64 58
64 65
65 51
65 64
65 66
66 65
66 67
66 70
67 66
67 68
67 69
68 67
69 67
70 66
71 72
72 63
72 71
72 74
73 61
74 5
74 72
74 76
75 76
76 74
76 75
76 77
77 76
77 79
77 80
78 18
78 19
78 23
79 77
80 77
82 2
82 60
82 81
