VERTEX_EDGES_FILE
UNDIRECTED
UNWEIGHTED
48
0 1
1 0
1 2
1 33
1 36
2 1
2 3
2 4
2 18
2 32
2 37
3 2
3 4
3 18
4 2
4 3
4 5
4 17
5 4
5 6
5 17
5 18
6 5
6 7
6 17
6 19
7 6
7 8
7 15
7 20
7 23
8 7
8 9
8 13
8 15
8 21
9 8
9 10
10 9
10 12
11 12
12 10
12 11
12 13
12 14
13 8
13 12
13 14
13 15
14 12
14 13
14 15
14 16
14 42
14 46
15 7
15 8
15 13
15 14
15 16
16 14
16 15
16 17
16 20
17 4
17 5
17 6
17 16
17 38
17 45
18 2
18 3
18 5
18 19
18 25
18 26
19 6
19 18
19 20
19 25
20 7
20 16
20 19
20 23
21 8
22 23
23 7
23 20
23 22
23 24
24 23
24 25
25 18
25 19
25 24
25 26
26 18
26 25
26 27
26 31
27 26
27 28
27 31
28 27
29 30
30 29
30 31
30 33
31 26
31 27
31 30
31 32
32 2
32 31
32 33
33 1
33 30
33 32
33 34
34 33
35 36
36 1
36 35
36 37
36 39
37 2
37 36
37 38
37 45
38 17
38 37
38 39
38 46
39 36
39 38
39 40
39 46
40 39
40 41
40 42
40 46
41 40
42 14
42 40
42 43
42 44
43 42
44 42
45 17
45 37
45 46
46 14
46 38
46 39
46 40
46 45
47 9
