VERTEX_EDGES_FILE
UNDIRECTED
UNWEIGHTED
35
0 1
1 0
1 2
1 14
1 17
1 19
2 1
2 3
2 13
2 19
3 2
3 4
3 11
3 12
4 3
4 5
4 11
4 12
5 4
5 6
5 29
5 33
6 5
6 7
6 27
6 29
7 6
7 8
7 27
7 33
8 7
9 10
10 9
10 11
10 33
11 3
11 4
11 10
11 19
11 33
12 3
12 4
12 13
12 30
13 2
13 12
13 14
13 20
14 1
14 13
14 15
14 16
15 14
16 14
16 25
17 1
18 19
19 1
19 2
19 11
19 18
20 13
20 21
20 30
20 31
21 20
21 22
21 25
21 26
22 21
22 23
22 25
22 32
23 22
24 25
25 16
25 21
25 22
25 24
26 21
26 27
26 29
26 32
27 6
27 7
27 26
27 28
28 27
29 5
29 6
29 26
29 30
30 12
30 20
30 29
31 20
32 22
32 26
33 5
33 7
33 10
33 11
34 11
