VERTEX_EDGES_FILE
UNDIRECTED
UNWEIGHTED
41
0 1
1 0
1 2
1 24
1 26
2 1
2 3
2 23
2 26
2 32
3 2
3 4
3 9
3 17
3 32
4 3
4 5
4 10
4 32
5 4
5 6
5 9
5 10
5 33
5 37
6 5
6 7
6 9
6 37
7 6
8 9
9 3
9 5
9 6
9 8
9 11
9 12
10 4
10 5
10 11
10 17
11 9
11 10
11 12
11 15
11 17
11 18
12 9
12 11
12 13
12 15
13 12
14 15
15 11
15 12
15 14
15 16
16 15
17 3
17 10
17 11
17 18
17 24
18 11
18 17
18 19
18 23
19 18
19 20
19 22
20 19
21 22
22 19
22 21
22 23
23 2
23 18
23 22
23 24
24 1
24 17
24 23
24 25
25 24
26 1
26 2
26 28
26 29
26 30
27 28
28 26
28 27
29 26
30 26
30 31
30 32
30 34
31 30
32 2
32 3
32 4
32 30
32 33
32 34
33 5
33 32
33 35
33 36
34 30
34 32
34 35
35 33
35 34
35 37
35 39
36 33
37 5
37 6
37 35
37 38
38 37
39 35
40 34
