VERTEX_EDGES_FILE
UNDIRECTED
UNWEIGHTED
77
0 1
1 0
1 2
2 1
2 3
2 12
3 2
4 13
5 9
6 8
7 8
8 6
8 7
8 10
8 14
9 5
9 10
9 12
9 16
10 8
10 9
10 15
11 14
12 2
12 9
12 13
12 14
13 4
13 12
13 17
14 8
14 11
14 12
14 15
15 10
15 14
15 20
15 21
15 22
16 9
17 13
17 18
17 21
17 68
17 69
18 17
18 19
18 20
18 22
18 67
19 18
19 21
19 26
19 68
20 15
20 18
20 23
20 71
21 15
21 17
21 19
21 23
21 32
22 15
22 18
22 24
23 20
23 21
23 25
23 26
24 22
24 25
24 27
25 23
25 24
25 26
25 27
26 19
26 23
26 25
26 28
26 30
26 66
27 24
27 25
27 28
27 33
28 26
28 27
28 29
28 31
28 41
29 28
29 31
29 37
29 63
30 26
30 41
31 28
31 29
31 35
32 21
32 35
32 36
33 27
33 34
33 35
34 33
35 31
35 32
35 33
35 37
35 38
35 41
36 32
37 29
37 35
37 39
37 40
38 35
38 42
39 37
39 40
39 50
39 66
40 37
40 39
40 46
41 28
41 30
41 35
41 42
41 43
42 38
42 41
42 49
42 51
43 41
43 44
43 46
44 43
44 45
44 46
45 44
46 40
46 43
46 44
46 47
47 46
47 49
48 51
49 42
49 47
49 50
50 39
50 49
50 54
51 42
51 48
51 52
52 51
52 62
53 54
54 50
54 53
54 55
54 63
54 64
55 54
55 56
55 57
56 55
57 55
57 58
57 59
58 57
59 57
59 60
59 61
60 59
61 59
62 52
63 29
63 54
63 64
64 54
64 63
64 65
64 66
65 64
66 26
66 39
66 64
66 69
67 18
67 69
68 17
68 19
68 70
68 72
69 17
69 66
69 67
69 71
70 68
71 20
71 69
71 73
72 68
73 71
73 74
74 73
74 75
75 74
76 54
76 74
