VERTEX_EDGES_FILE
UNDIRECTED
UNWEIGHTED
36
0 1
1 0
1 2
1 9
1 10
1 12
1 15
2 1
2 3
2 9
2 16
3 2
3 4
3 8
3 9
3 17
4 3
4 5
4 18
5 4
5 6
6 5
6 10
7 8
8 3
8 7
8 9
8 10
9 1
9 2
9 3
9 8
10 1
10 6
10 8
10 11
11 10
12 1
13 14
13 33
14 13
14 15
14 25
15 1
15 14
15 16
15 25
16 2
16 15
16 17
16 24
17 3
17 16
17 18
17 23
18 4
18 17
18 19
18 22
19 18
20 22
21 22
22 18
22 20
22 21
22 23
23 17
23 22
23 24
23 27
24 16
24 23
24 25
24 26
25 14
25 15
25 24
25 26
26 24
26 25
26 29
26 31
27 23
27 28
27 29
28 27
29 26
29 27
29 30
29 31
30 29
31 26
31 29
31 32
31 33
32 31
33 13
33 31
33 34
34 33
35 33
