VERTEX_EDGES_FILE
UNDIRECTED
UNWEIGHTED
78
0 1
1 0
1 2
1 44
1 50
1 51
2 1
2 3
2 51
3 2
3 4
3 57
4 3
4 5
4 43
4 57
4 59
5 4
5 6
5 42
6 5
6 7
6 9
6 24
6 42
6 65
6 66
7 6
7 8
7 23
8 7
8 9
8 10
8 21
8 22
8 67
9 6
9 8
9 10
9 74
10 8
10 9
10 11
10 75
11 10
11 12
11 13
11 19
11 21
11 75
12 11
13 11
14 15
15 14
15 16
15 19
16 15
16 17
16 18
17 16
18 16
18 20
18 28
19 11
19 15
19 20
19 22
20 18
20 19
20 22
20 28
21 8
21 11
21 22
22 8
22 19
22 20
22 21
22 23
22 25
22 26
23 7
23 22
23 24
24 6
24 23
24 25
24 41
25 22
25 24
25 26
25 40
26 22
26 25
26 27
26 32
26 41
27 26
27 28
27 29
28 18
28 20
28 27
28 29
28 30
29 27
29 28
29 31
29 32
30 28
31 29
32 26
32 29
32 33
33 32
33 34
33 37
34 33
34 35
34 36
34 37
35 34
36 34
37 33
37 34
37 38
37 45
38 37
38 39
38 43
38 44
38 45
39 38
39 40
39 41
40 25
40 39
40 41
41 24
41 26
41 39
41 40
41 42
41 43
42 5
42 6
42 41
42 43
43 4
43 38
43 41
43 42
44 1
44 38
44 45
44 49
45 37
45 38
45 44
45 46
46 45
46 47
46 48
47 46
48 46
49 44
50 1
51 1
51 2
51 52
51 55
52 51
52 53
52 54
52 55
53 52
54 52
55 51
55 52
55 56
55 57
55 58
55 76
56 55
57 3
57 4
57 55
57 58
58 55
58 57
58 59
58 60
59 4
59 58
59 60
59 65
60 58
60 59
60 62
60 64
60 65
60 76
61 76
62 60
63 64
64 60
64 63
64 68
65 6
65 59
65 60
65 66
66 6
66 65
66 67
66 68
67 8
67 66
67 68
68 64
68 66
68 67
68 69
68 74
69 68
69 70
69 71
70 69
71 69
72 74
73 75
74 9
74 68
74 72
74 75
75 10
75 11
75 73
75 74
76 55
76 60
76 61
77 2
77 3
77 38
77 39
