VERTEX_EDGES_FILE
UNDIRECTED
UNWEIGHTED
71
0 1
1 0
1 2
1 67
2 1
2 3
2 28
3 2
3 4
3 28
4 3
4 5
4 27
4 64
4 65
5 4
5 6
5 61
5 64
6 5
6 7
6 35
7 6
7 8
7 36
7 37
8 7
8 9
8 38
8 63
9 8
9 10
9 38
9 39
9 63
9 68
10 9
10 11
10 15
10 40
11 10
11 12
11 14
11 45
12 11
12 13
12 46
13 12
13 14
13 44
13 60
14 11
14 13
14 15
14 22
15 10
15 14
15 16
15 20
16 15
16 17
16 18
16 20
17 16
18 16
19 20
20 15
20 16
20 19
20 22
21 22
22 14
22 20
22 21
22 23
23 22
23 24
23 44
23 58
24 23
24 25
24 46
24 57
25 24
25 26
25 43
25 48
26 25
26 27
26 34
26 35
27 4
27 26
27 28
27 34
28 2
28 3
28 27
28 29
29 28
29 30
29 31
30 29
31 29
31 32
31 33
31 34
32 31
33 31
34 26
34 27
34 31
34 48
35 6
35 26
35 36
35 43
36 7
36 35
36 42
36 61
37 7
37 38
37 40
37 42
38 8
38 9
38 37
38 39
39 9
39 38
39 40
40 10
40 37
40 39
40 41
40 45
41 40
41 42
41 44
41 45
42 36
42 37
42 41
42 43
43 25
43 35
43 42
43 44
44 13
44 23
44 41
44 43
44 45
44 46
45 11
45 40
45 41
45 44
46 12
46 24
46 44
47 48
47 49
47 57
48 25
48 34
48 47
48 49
49 47
49 48
49 50
50 49
50 51
51 50
51 52
51 57
52 51
52 53
53 52
54 56
55 56
56 54
56 55
56 58
57 24
57 47
57 51
57 58
58 23
58 56
58 57
58 59
59 58
60 13
61 5
61 36
61 62
61 63
62 61
62 63
62 64
62 68
63 8
63 9
63 61
63 62
64 4
64 5
64 62
64 65
65 4
65 64
65 66
66 65
67 1
68 9
68 62
68 69
69 68
70 1
