VERTEX_EDGES_FILE
UNDIRECTED
UNWEIGHTED
62
0 1
1 0
1 2
1 28
1 35
2 1
2 3
2 33
2 34
3 2
3 4
3 28
4 3
4 5
4 56
4 60
5 4
5 6
5 29
5 57
6 5
6 7
6 57
6 58
7 6
7 8
7 51
7 58
8 7
8 9
8 29
8 50
8 59
9 8
9 10
9 25
10 9
10 11
10 21
10 22
10 23
10 24
11 10
11 12
11 18
11 21
11 26
11 48
12 11
12 13
12 21
12 49
13 12
13 14
13 15
13 45
13 49
14 13
14 15
15 13
15 14
15 16
15 17
15 19
16 15
17 15
18 11
19 15
20 21
21 10
21 11
21 12
21 20
22 10
23 10
24 10
24 25
24 26
24 27
25 9
25 24
25 27
25 53
25 58
26 11
26 24
26 27
26 46
26 48
27 24
27 25
27 26
27 28
27 29
27 30
27 31
28 1
28 3
28 27
28 31
28 39
28 46
29 5
29 8
29 27
29 30
30 27
30 29
30 31
30 32
30 59
30 60
31 27
31 28
31 30
31 32
31 33
31 39
32 30
32 31
32 33
32 60
33 2
33 31
33 32
33 40
34 2
34 35
34 38
34 40
35 1
35 34
35 36
36 35
37 38
38 34
38 37
38 39
38 45
39 28
39 31
39 38
39 40
40 33
40 34
40 39
40 41
40 46
41 40
41 42
41 43
41 45
42 41
42 43
43 41
43 42
43 44
43 49
44 43
45 13
45 38
45 41
45 46
46 26
46 28
46 40
46 45
46 47
46 48
47 46
47 48
47 49
48 11
48 26
48 46
48 47
48 49
49 12
49 13
49 43
49 47
49 48
50 8
50 51
50 53
51 7
51 50
51 52
52 51
52 57
53 25
53 50
53 54
54 53
55 57
56 4
57 5
57 6
57 52
57 55
58 6
58 7
58 25
58 59
59 8
59 30
59 58
59 60
60 4
60 30
60 32
60 59
61 3
